#Parameters:
RngRun = 1
enableSwitchEcn = true
enableGNN = false
flowStartupWindow = 3s
convergenceTime = 12s
measurementWindow = 15s
hostsDataRates = 1.0Gbps
gnnUpdatePeriod = 100us
coreQueueTH = 30

#Time(s) - flow - throughput(Mb/s) - host
15s 0 487.631 10
15s 1 276.168 11
15s 2 410.137 0
15s 3 386.296 9
15s 4 469.219 1
15s 5 582.864 2
15s 6 250.686 4
15s 7 622.745 8
15s 8 363.417 7
15s 9 469.057 5
15s 10 242.792 3
15s 11 444.65 6
Average throughput: 417.14 Mbps
Standard dev:
427.85 - 0.00 0.00 0.00 0.00 0.00 0.00 315.13 951.93 948.77 946.02 940.30 940.53 663.82 0.00 665.14 
325.69 - 0.00 0.00 0.00 0.00 0.00 41.43 368.61 377.24 568.84 914.24 948.77 351.59 0.00 0.00 51.29 
387.25 - 0.00 0.01 765.46 939.78 948.77 791.38 279.72 106.29 0.00 0.00 0.00 0.00 364.40 868.08 704.47 
357.37 - 0.00 0.00 0.00 0.00 0.00 281.47 797.01 935.34 712.98 0.00 0.00 561.48 796.67 551.70 657.40 
445.96 - 0.00 0.00 0.00 0.00 428.71 947.76 942.88 942.53 940.56 903.58 0.00 0.00 0.00 42.06 947.65 
374.90 - 0.00 711.91 930.50 553.28 0.00 458.61 943.81 946.86 948.87 911.08 771.84 749.62 382.82 0.00 0.00 
318.06 - 0.00 734.11 7.20 0.00 0.00 0.00 0.00 0.00 0.00 130.54 674.22 696.53 799.06 0.00 0.00 
406.02 - 0.00 404.42 0.00 0.00 235.93 925.06 925.07 925.07 947.31 948.77 396.74 0.00 823.33 948.77 935.62 
401.27 - 0.00 0.00 0.00 236.06 942.79 925.06 925.07 925.07 56.37 0.00 0.00 0.00 0.00 0.00 515.76 
353.03 - 0.00 226.01 680.44 801.59 948.76 603.54 0.00 0.00 213.47 500.96 915.26 913.93 730.63 495.29 5.99 
259.85 - 0.00 443.97 0.00 0.00 0.00 0.00 0.00 0.00 0.00 161.41 527.54 513.35 452.58 559.70 691.26 
353.29 - 0.00 697.23 764.87 488.62 0.00 0.00 0.00 763.40 923.53 780.59 0.00 0.00 240.95 380.68 731.17 
