#Parameters:
RngRun = 1
enableSwitchEcn = true
enableGNN = true
flowStartupWindow = 3s
convergenceTime = 12s
measurementWindow = 15s
hostsDataRates = 1.0Gbps
gnnUpdatePeriod = 1000us
coreQueueTH = 30

#Time(s) - flow - throughput(Mb/s) - host
15s 0 484.729 10
15s 1 336.417 11
15s 2 293.566 0
15s 3 180.002 9
15s 4 462.409 1
15s 5 540.441 2
15s 6 115.709 4
15s 7 622.739 8
15s 8 363.429 7
15s 9 316.859 5
15s 10 256.476 3
15s 11 251.411 6
Average throughput: 352.02 Mbps
Standard dev:
425.48 - 0.00 0.00 0.00 0.00 0.00 0.00 311.02 942.34 948.77 943.15 933.86 934.77 660.69 0.00 656.14 
348.47 - 0.00 0.00 0.00 0.00 0.00 30.30 678.13 560.46 634.04 870.81 948.74 351.59 0.00 0.00 63.96 
389.87 - 0.00 18.51 925.38 934.77 948.77 884.59 283.32 250.40 0.00 0.00 0.00 0.00 55.14 42.20 43.49 
246.97 - 0.00 0.00 0.00 0.00 0.00 53.33 214.75 48.93 70.24 0.00 0.00 559.38 532.47 524.75 684.58 
443.33 - 0.00 0.00 0.00 0.00 428.71 948.11 932.94 934.45 932.54 896.38 0.00 0.00 0.00 42.06 947.15 
396.66 - 0.00 932.21 914.46 545.27 0.00 440.60 943.46 942.33 942.63 900.48 722.79 692.34 74.58 0.00 0.00 
99.79 - 0.00 155.53 6.37 0.00 0.00 0.00 0.00 0.00 0.00 124.20 119.10 84.05 371.28 0.00 0.00 
406.02 - 0.00 404.42 0.00 0.00 235.90 925.07 925.07 925.06 947.31 948.77 396.74 0.00 823.33 948.77 935.58 
401.25 - 0.00 0.00 0.00 236.06 942.75 925.06 925.07 925.07 56.62 0.00 0.00 0.00 0.00 0.00 515.73 
334.30 - 0.00 85.90 60.97 107.75 882.71 603.50 0.00 0.00 304.84 757.19 805.78 754.33 361.84 27.05 1.03 
283.10 - 0.00 156.49 0.00 0.00 0.00 0.00 0.00 0.00 0.00 259.07 621.82 582.04 592.81 577.31 723.27 
246.06 - 0.00 449.54 278.94 111.19 1.02 0.00 0.00 761.06 692.33 207.16 1.04 0.00 72.53 264.87 75.94 
ACC-0: 0.9817 - ACC-1: 0.6737
