#Parameters:
RngRun = 1
enableSwitchEcn = true
enableGNN = true
flowStartupWindow = 3s
convergenceTime = 12s
measurementWindow = 15s
hostsDataRates = 1.0Gbps
gnnUpdatePeriod = 10000us
coreQueueTH = 30

#Time(s) - flow - throughput(Mb/s) - host
15s 0 488.393 10
15s 1 187.226 11
15s 2 268.899 0
15s 3 177.192 9
15s 4 465.015 1
15s 5 400.16 2
15s 6 93.9377 4
15s 7 622.739 8
15s 8 363.429 7
15s 9 211.162 5
15s 10 63.5339 3
15s 11 198.946 6
Average throughput: 295.05 Mbps
Standard dev:
428.57 - 0.00 0.00 0.00 0.00 0.00 0.00 312.81 948.24 948.76 944.96 945.70 947.26 666.43 0.00 664.77 
272.44 - 0.00 0.00 0.00 0.00 0.00 55.92 231.64 70.41 151.24 653.08 948.75 351.58 0.00 0.00 64.15 
375.34 - 0.00 18.85 926.09 934.78 948.76 684.62 36.25 29.87 0.00 0.00 0.00 0.00 46.76 166.93 178.89 
202.47 - 0.00 0.00 0.00 0.00 0.00 52.69 244.09 355.12 340.32 0.00 0.00 567.26 576.07 159.32 255.19 
446.61 - 0.00 0.00 0.00 0.00 428.71 947.36 943.18 947.54 945.43 902.36 0.00 0.00 0.00 42.06 947.15 
381.42 - 0.00 138.95 910.14 545.13 0.00 450.10 948.13 948.23 948.54 638.15 153.03 126.38 89.35 0.00 0.00 
101.36 - 0.00 143.71 9.21 0.00 0.00 0.00 0.00 0.00 0.00 51.77 182.65 345.08 185.49 0.00 0.00 
406.02 - 0.00 404.42 0.00 0.00 235.90 925.07 925.07 925.06 947.31 948.77 396.74 0.00 823.33 948.77 935.58 
401.25 - 0.00 0.00 0.00 236.06 942.75 925.06 925.07 925.07 56.62 0.00 0.00 0.00 0.00 0.00 515.73 
259.08 - 0.00 50.77 167.65 370.39 948.77 603.49 0.00 0.00 45.12 107.13 368.52 203.86 211.08 89.63 1.03 
66.66 - 0.00 145.16 0.00 0.00 0.00 0.00 0.00 0.00 0.00 155.23 151.16 74.27 85.27 87.81 168.05 
224.98 - 0.00 210.26 171.76 87.00 0.00 0.00 0.00 766.51 611.70 264.49 1.02 0.00 280.38 90.27 184.41 
ACC-0: 0.9763 - ACC-1: 0.1606
