#Parameters:
RngRun = 1
enableSwitchEcn = false
enableGNN = false
flowStartupWindow = 3s
convergenceTime = 12s
measurementWindow = 15s
hostsDataRates = 1.0Gbps
gnnUpdatePeriod = 100us
coreQueueTH = 30

#Time(s) - flow - throughput(Mb/s) - host
15s 0 383.006 10
15s 1 255.397 11
15s 2 194.811 0
15s 3 194.522 9
15s 4 400.735 1
15s 5 395.164 2
15s 6 186.675 4
15s 7 499.899 8
15s 8 240.589 7
15s 9 351.217 5
15s 10 197.51 3
15s 11 116.983 6
Average throughput: 284.71 Mbps
Standard dev:
427.21 - 0.00 0.00 0.00 0.00 0.00 0.00 313.22 948.76 948.77 947.19 946.04 947.20 40.22 1.05 339.10 
363.79 - 0.00 0.00 0.00 0.00 0.00 17.06 24.69 729.52 826.75 838.43 948.76 351.58 0.00 0.00 61.94 
310.05 - 0.00 18.62 92.33 815.28 948.76 448.23 35.85 1.05 0.00 0.00 0.00 0.00 449.42 14.66 11.86 
271.08 - 0.00 0.00 0.00 0.00 0.00 108.83 471.30 41.13 2.09 0.00 0.00 553.87 10.94 929.13 284.64 
435.71 - 0.00 0.00 0.00 0.00 428.71 948.06 947.78 898.98 890.80 859.66 0.00 0.00 0.00 42.06 945.22 
399.23 - 0.00 932.96 905.24 552.52 0.00 527.57 945.86 948.77 757.54 36.42 1.06 294.74 20.90 1.04 0.00 
276.60 - 0.00 2.65 1.05 0.00 0.00 0.00 0.00 0.00 0.00 162.78 948.77 84.75 668.37 1.05 0.00 
368.65 - 0.00 404.43 0.00 0.00 241.84 730.06 207.54 773.45 172.43 948.76 396.74 0.00 823.33 948.77 926.07 
258.03 - 0.00 0.00 0.00 236.06 708.01 228.69 752.23 184.70 58.13 0.00 0.00 0.00 0.00 0.00 515.94 
356.18 - 0.00 315.84 701.05 93.95 948.77 600.58 0.00 0.00 381.54 872.73 914.26 384.50 26.98 27.01 1.04 
265.69 - 0.00 543.90 0.00 0.00 0.00 0.00 0.00 0.00 0.00 38.50 70.20 64.94 418.66 439.82 887.95 
196.23 - 0.00 10.32 255.72 650.51 0.00 0.00 0.00 22.10 59.36 28.10 1.04 0.00 196.89 499.42 29.88 
