#Parameters:
RngRun = 1
enableSwitchEcn = true
enableGNN = true
flowStartupWindow = 3s
convergenceTime = 12s
measurementWindow = 15s
hostsDataRates = 1.0Gbps
gnnUpdatePeriod = 100us
coreQueueTH = 30

#Time(s) - flow - throughput(Mb/s) - host
15s 0 485.384 10
15s 1 267.292 11
15s 2 441.362 0
15s 3 363.518 9
15s 4 467.837 1
15s 5 569.337 2
15s 6 256.286 4
15s 7 622.739 8
15s 8 363.429 7
15s 9 471.204 5
15s 10 234.318 3
15s 11 437.533 6
Average throughput: 415.02 Mbps
Standard dev:
426.29 - 0.00 0.00 0.00 0.00 0.00 0.00 312.09 946.74 948.77 945.66 936.38 936.42 659.62 0.00 655.31 
317.59 - 0.00 0.00 0.00 0.00 0.00 43.06 290.04 343.25 570.41 870.50 948.76 351.59 0.00 0.00 46.37 
409.35 - 0.00 18.68 925.84 934.82 948.77 810.53 252.97 113.81 0.00 0.00 0.00 0.00 424.38 954.04 755.14 
353.48 - 0.00 0.00 0.00 0.00 0.00 256.32 900.77 947.96 709.73 0.00 0.00 547.07 687.79 445.57 589.50 
445.17 - 0.00 0.00 0.00 0.00 428.71 947.74 943.58 942.35 936.68 896.39 0.00 0.00 0.00 42.06 947.87 
367.39 - 0.00 725.52 909.42 543.29 0.00 439.27 944.26 946.74 944.42 859.50 705.78 706.00 373.82 0.00 0.00 
317.78 - 0.00 691.45 8.45 0.00 0.00 0.00 0.00 0.00 0.00 263.86 711.39 711.17 793.10 0.00 0.00 
406.02 - 0.00 404.42 0.00 0.00 235.90 925.07 925.07 925.06 947.31 948.77 396.74 0.00 823.33 948.77 935.58 
401.25 - 0.00 0.00 0.00 236.06 942.75 925.06 925.07 925.07 56.62 0.00 0.00 0.00 0.00 0.00 515.73 
354.84 - 0.00 223.20 706.53 782.94 948.76 603.69 0.00 0.00 213.54 530.10 930.26 918.88 726.78 477.49 5.89 
250.89 - 0.00 437.60 0.00 0.00 0.00 0.00 0.00 0.00 0.00 161.26 483.89 483.09 496.65 488.10 688.18 
345.98 - 0.00 687.08 710.65 487.16 0.00 0.00 0.00 765.22 918.47 727.99 0.00 0.00 182.59 461.63 710.36 
ACC-0: 0.9686 - ACC-1: 0.9603
